data = [-0 -2149  38 -2158  76 -2166  110 -2092  137 -1962  162 -1851 ...
    185 -1761  222 -1809  255 -1817  289 -1822  324 -1835  358 -1840 ...
    393 -1849  428 -1853  464 -1862  502 -1873  539 -1879  577 -1887 ...
    617 -1898  656 -1905  697 -1915  738 -1921  780 -1929  824 -1942 ...
    860 -1931  873 -1872  885 -1814  898 -1763  911 -1714  957 -1726 ...
    1001 -1734  1035 -1722  2407 -3852  2431 -3743  2452 -3635  2476 ...
    -3536  2497 -3437  2519 -3342  2539 -3250  2558 -3158  2576 -3070 ...
    2596 -2986  2614 -2903  2630 -2821  2649 -2744  2664 -2664  2683 ...
    -2591  2698 -2516  2715 -2445  2730 -2373  2742 -2301  2759 -2234 ...
    2774 -2167  2790 -2102  2802 -2036  2817 -1973  2831 -1910  2845 ...
    -1847  2857 -1785  2869 -1724  2885 -1666  2898 -1606  2908 -1546 ...
    2924 -1490  2936 -1432  1146 -535  1149 -512  1155 -490  1160 -469 ...
    1164 -447  1169 -425  1174 -404  1178 -383  1182 -361  1188 -341 ...
    1190 -319  1195 -298  1199 -277  1205 -256  1210 -235  1214 -214 ...
    1220 -193  1222 -172  1227 -151  1231 -129  1238 -108  1241 -87 ...
    1248 -65  1253 -44  1254 -22  1259 0  1265 22  1268 44  1277 67 ...
    1279 89  1287 113  1291 136  1295 159  1300 183  1306 207  1312 ...
    231  1315 256  1320 280  1328 307  1178 294  1133 304  1092 313 ...
    1050 321  1014 329  977 336  944 344  915 351  885 357  856 363 ...
    829 369  805 375  778 380  756 385  735 391  713 395  694 401  674 ...
    405  652 408  637 413  617 416  600 420  582 423  566 427  552 432 ...
    537 435  520 436  507 441  493 444  478 446  463 447  452 452  439 ...
    455  426 456  414 459  401 461  391 466  380 469  1920 2457  1944 ...
    2580  1976 2720  2011 2872  2044 3030  2081 3204  2115 3385  2042 ...
    3399  1971 3415  1903 3433  1832 3445  1764 3462  1694 3474  1629 ...
    3493  1561 3506  1495 3522  1428 3533  1362 3549  1297 3564  1231 ...
    3575  1167 3593  1102 3603  187 654  175 655  164 656  153 662 ...
    141 662  130 667  118 668  106 671  94 670  83 677  71 678  60 681 ...
    48 683  36 686  24 691  12 690].';
x = data(2:2:end)/1000;
y = data(1:2:end-1)/1000;